11
6000
0.	0.	0.	0.	0.	0.	1e20
0.      110.    150.    350.    660.    170.    1e30
1.      120.    180.    150.    760.    140.    1e35
9.      220.    200.    225.    265.    227.    1e40
8.      350.    230.    455.    540.    570.    1e55
7.      -100.   350.    680.    460.    770.    1e25
5.      280.    450.    550.    760.    860.    1e31
3.      750.    155.    650.    765.    810.    1e33
2.      50.     110.    850.    770.    820.    1e39
1.      80.     190.    750.    660.    840.    1e43
4.      180.    150.    655.    860.    873.    1e29