14
6000
0.	0.	0.	0.	0.	0.	1e20
0.      110.    120.    75.     60.     170.     1e25
1.      151.    100.    150.    260.    150.    1e35
9.      225.    120.    250.    263.    129.    1e40
8.      350.    330.    455.    650.    370.    1e56
7.      -150.   125.    550.    750.    775.    1e37
1.      255.    350.    625.    164.    670.    1e38
3.      250.    245.    630.    860.    575.    1e39
2.      154.    158.    690.    766.    470.    1e31
5.      840.    450.    750.    560.    575.    1e32
4.      350.    152.    757.    360.    670.    1e33
3.      655.    350.    558.    750.    775.    1e34
2.      250.    155.    758.    237.    870.    1e35
1.      480.    250.    654.    760.    875.    1e36