10
9000
1.	2.	3.	4.	5.	6.	1e20
10.      140.    1300.    -570.     560.    -470.    1e70
11.      140.    1400.    -150.    7660.    -100.    1e23
29.      240.    1520.    3570.    2680.    -127.    1e89
48.      340.    1630.    -450.    5690.    -470.    1e78
67.      670.    1750.    6590.    7660.    -870.    1e45
75.      290.    1750.    -650.    7630.    -870.    1e35
93.      850.    1950.    6590.    2760.    -870.    1e50
52.      560.    1590.    -650.    4760.    -870.    1e34
91.      890.    1506.    6550.    8760.    -870.    1e90